
TC模式编码 ：PDF417
编码结果： array (
  0 => 453,
  1 => 178,
  2 => 121,
  3 => 239,
)

BC模式编码 ：二维码编码
编码结果： array (
  0 => '306',
  1 => '602',
  2 => '58',
  3 => '441',
  4 => '103',
  5 => 177,
  6 => 224,
  7 => 194,
  8 => 235,
)

填充字符个数为：1
纠错等级为：1
行数：5
列数：4

编码内容为：PDF417二维码编码
16   453   178   121   
239   901   306   602   
58   441   103   177   
224   194   235   900   
679   687   423   925   

转换成01序列为:
11111111010101000 11110101011110000 11101011001111000 11101110110011000 11111011010111100 10100001100000110 11101010011100000 111111101000101001 
11111111010101000 11111101010011100 11110010111001110 11011111101011100 11110010011101110 10111011111101000 11111101010111000 111111101000101001 
11111111010101000 11010100111110000 10100100000111100 11011100001011100 11111010001110010 11011010000111100 11101010011111100 111111101000101001 
11111111010101000 10101111001111000 11001001110011110 11001001001100000 11011001001000000 10000110001100100 10101111101111100 111111101000101001 
11111111010101000 11101011100011000 11100001011100110 10000101111000010 10110001111100100 10001111100101110 11101011100110000 111111101000101001 